정류소ID,업체명,노선번호,노선유형,정류소명,전체 승차 건수,초승 건수,환승 건수,전체 하차 건수,하차 건수,미태그 건수,lon,lat
200000037,대원고속,65,일반형시내버스,KT수원지사.국민연금북수원지사,8522,6420,2102,14475,14475,0,127.0115668,37.29269555
200000041,대원고속,1009,직행좌석형시내버스,이목동.장안STX칸,3279,2269,1010,2339,2339,0,126.9839895,37.31558514
200000042,대원고속,1009,직행좌석형시내버스,이목동.장안힐스테이트,3437,2824,613,2122,2122,0,126.9853388,37.31403084
200000067,남양여객,50_2,일반형시내버스,연무동차고지,169,162,7,0,0,0,127.0300242,37.29824017
200000073,삼경운수(주),2007,직행좌석형시내버스,경기도인재개발원.경기연구원.경기도평생교육진흥원.경기도가족여성연구원,1923,1239,684,3859,3859,0,126.9890727,37.31248317
200000074,삼경운수(주),2007,직행좌석형시내버스,지지대교차로,602,466,136,388,388,0,126.9883353,37.31877088
200000075,삼경운수(주),2007,직행좌석형시내버스,경기도인재개발원.경기연구원.경기도평생교육진흥원.경기도가족여성연구원,3942,3688,254,2565,2565,0,126.9903458,37.31159184
200000077,삼경운수(주),2007,직행좌석형시내버스,한국가스안전공사.택시공제조합,2195,2063,132,3595,3595,0,126.997464,37.30815934
200000078,삼경운수(주),2007,직행좌석형시내버스,수일중학교,4762,3780,982,4185,4185,0,126.999878,37.30709485
200000079,삼경운수(주),2007,직행좌석형시내버스,수일여중.대우건설기술연구원.경기도융합과학교육원,3334,3032,302,3520,3520,0,127.002598,37.30585347
200000080,삼경운수(주),2007,직행좌석형시내버스,한일타운.경기일보.홈플러스,17520,13493,4027,13449,13449,0,127.0066358,37.3034669
200000081,삼경운수(주),300,좌석형시내버스,수원KT위즈파크.수원종합운동장,1687,1634,53,6659,6659,0,127.0103632,37.30109852
200000082,삼경운수(주),300,좌석형시내버스,영화초등학교.한국건강관리협회,1902,1874,28,5508,5508,0,127.0151764,37.29652801
200000083,삼경운수(주),300,좌석형시내버스,교육청사거리,3355,3000,355,4010,4010,0,127.0198547,37.29210989
200000084,남양여객,400,일반형시내버스,수원시평생학습관.연무사회복지관.창룡도서관,2229,2055,174,1729,1729,0,127.0269118,37.29158925
200000085,남양여객,50_2,일반형시내버스,경기대수원캠퍼스입구,132,127,5,1,1,0,127.0298221,37.29959435
200000086,남양여객,50_2,일반형시내버스,연무동종점,24,23,1,73,73,0,127.02991570000002,37.29797547
200000087,남양여객,50_2,일반형시내버스,광교공원.경기대수원캠퍼스입구,39,39,0,207,207,0,127.0295586,37.29978041
200000088,대원고속,1009,직행좌석형시내버스,화서역.화서주공3단지,51,25,26,835,835,0,126.99145190000002,37.28672389
200000090,대원고속,1009,직행좌석형시내버스,풍림아파트,68,47,21,1154,1154,0,126.9920636,37.29886868
200000091,대원고속,1009,직행좌석형시내버스,풍림아파트,1051,768,283,36,36,0,126.9920721,37.29861523
200000093,대원고속,65,일반형시내버스,KT수원지사.국민연금북수원지사,26945,15777,11168,22645,22645,0,127.011444,37.29239115
200000094,대원고속,1009,직행좌석형시내버스,동원고교.해우재입구,2109,715,1394,899,899,0,126.9839585,37.31695925
200000096,대원고속,1009,직행좌석형시내버스,정자3동주민센터.정자동중심상가,116,87,29,843,843,0,126.9932534,37.2949367
200000111,대원고속,1009,직행좌석형시내버스,정자3동주민센터.정자동중심상가,1209,1013,196,157,157,0,126.9934115,37.29540115
200000112,대원고속,1009,직행좌석형시내버스,장안고등학교,608,594,14,21,21,0,126.9949955,37.29274406
200000113,대원고속,1009,직행좌석형시내버스,경기도립수원의료원.두견마을,931,904,27,17,17,0,126.9965383,37.29016953
200000116,대원고속,1009,직행좌석형시내버스,동신아파트,47,38,9,952,952,0,126.9941568,37.30229582
200000117,대원고속,1009,직행좌석형시내버스,북수원시장.효자문사거리,39,32,7,759,759,0,126.9909379,37.30632476
200000119,대원고속,1009,직행좌석형시내버스,동남아파트.북수원시장,486,446,40,14,14,0,126.9917157,37.30574487
200000120,대원고속,1009,직행좌석형시내버스,동신아파트,1118,1052,66,18,18,0,126.9941744,37.3026758
200000121,대원고속,65,일반형시내버스,송원중학교.수원서부교회,14015,13699,316,6866,6866,0,127.0033056,37.29593954
200000122,대원고속,65,일반형시내버스,수원미술전시관.만석공원,6169,5908,261,3484,3484,0,126.999392,37.29656124
200000123,대원고속,65,일반형시내버스,만석공원.정자초교.벽산아파트,9347,8550,797,5280,5280,0,126.9963585,37.29940106
200000124,대원고속,65,일반형시내버스,경남아너스빌.동신아파트,10966,10678,288,4450,4450,0,126.9968351,37.30348779
200000125,대원고속,65,일반형시내버스,벽산블루밍아파트,11104,10675,429,5205,5205,0,126.9951731,37.3055804
200000126,대원고속,65,일반형시내버스,북수원시장입구,12953,12005,948,6994,6994,0,126.9915945,37.30669835
200000127,대원고속,1009,직행좌석형시내버스,SK스카이뷰.SK아트리움,8490,7653,837,9444,9444,0,126.9883081,37.30937572
200000130,대원고속,1009,직행좌석형시내버스,SK스카이뷰.SK아트리움,8646,6489,2157,7809,7809,0,126.9887428,37.30920861
200000131,대원고속,65,일반형시내버스,북수원시장입구,7112,6233,879,13165,13165,0,126.992082,37.30654819
200000132,대원고속,65,일반형시내버스,벽산블루밍아파트,5091,4877,214,9041,9041,0,126.9950632,37.30571566
200000133,대원고속,65,일반형시내버스,경남아너스빌,4875,4478,397,12840,12840,0,126.99754409999998,37.30242752
200000135,대원고속,65,일반형시내버스,만석공원.정자초교.벽산아파트,6720,5391,1329,8880,8880,0,126.9967305,37.29951846
200000136,대원고속,65,일반형시내버스,만석공원.중부경찰서,1148,1108,40,3992,3992,0,126.9988001,37.2974307
200000137,대원고속,65,일반형시내버스,송원중학교.수원서부교회,6198,5992,206,13816,13816,0,127.0039146,37.2960927
200000138,대원고속,65,일반형시내버스,로얄팰리스,4864,4140,724,9116,9116,0,127.00760420000002,37.29569352
200000139,대원고속,65,일반형시내버스,장안문,18255,7257,10998,25934,25934,0,127.0133536,37.29030752
200000140,남양여객,50_2,일반형시내버스,보훈원복지타운.보훈요양원,86,81,5,2,2,0,127.0268055,37.2984605
200000141,남양여객,50_2,일반형시내버스,보훈교육원,2,0,2,112,112,0,127.025788,37.2964386
200000142,남양여객,50_2,일반형시내버스,경기남부보훈지청.경기도교육청,15,3,12,86,86,0,127.0220384,37.29457722
200000143,남양여객,50_2,일반형시내버스,수원농생고.수원북중학교,15,3,12,115,115,0,127.0208203,37.29354023
200000144,남양여객,50_2,일반형시내버스,교육청사거리,20,14,6,87,87,0,127.01829340000002,37.29172154
200000145,삼경운수(주),2007,직행좌석형시내버스,경기도보건환경연구원.북수원시장.광교산입구,9897,8946,951,6172,6172,0,126.9943398,37.30918503
200000146,삼경운수(주),2007,직행좌석형시내버스,경기도보건환경연구원.삼익아파트.광교산입구,6489,5343,1146,8558,8558,0,126.9944795,37.30947113
200000147,대원고속,1009,직행좌석형시내버스,장안고등학교,14,13,1,506,506,0,126.9948277,37.29236355
200000150,대원고속,65,일반형시내버스,로얄팰리스,9658,9285,373,5161,5161,0,127.0083201,37.29542735
200000151,대원고속,1009,직행좌석형시내버스,이목동.장안힐스테이트,4280,3967,313,4276,4276,0,126.9854597,37.31347227
200000152,대원고속,1009,직행좌석형시내버스,이목동.장안STX칸,6336,5734,602,6324,6324,0,126.9838514,37.3154544
200000164,성우운수(주),300_1,일반형시내버스,이목동차고지,38,34,4,134,134,0,126.9894035,37.32156852
200000165,성우운수(주),300_1,일반형시내버스,이목동차고지.이목동입구,23,22,1,0,0,0,126.9890801,37.32168639
200000166,남양여객,50_2,일반형시내버스,장안문,68,36,32,131,131,0,127.0158572,37.29016308
200000177,남양여객,50_2,일반형시내버스,장안문,152,131,21,178,178,0,127.0154387,37.29014117
200000178,남양여객,50_2,일반형시내버스,KB손해보험인재니움,152,143,9,52,52,0,127.0179438,37.29176664
200000179,남양여객,50_2,일반형시내버스,수원북중학교.수원농생고,155,141,14,12,12,0,127.0210909,37.29415389
200000180,남양여객,50_2,일반형시내버스,경기남부보훈지청.경기도교육청,66,60,6,12,12,0,127.0237303,37.29539685
200000181,남양여객,50_2,일반형시내버스,보훈교육원,131,125,6,4,4,0,127.0254373,37.29637483
200000182,남양여객,50_2,일반형시내버스,보훈원복지타운.보훈요양원,1,1,0,60,60,0,127.0271408,37.29861021
200000183,대원고속,1007,직행좌석형시내버스,장안공원,8007,5922,2085,11125,11125,0,127.0127396,37.28859857
200000184,삼경운수(주),2007,직행좌석형시내버스,수원종합운동장.로얄팰리스.아너스빌위즈,2885,2716,169,5375,5375,0,127.0087164,37.29605867
200000185,삼경운수(주),2007,직행좌석형시내버스,수원KT위즈파크.행정동우회관,2328,2130,198,2960,2960,0,127.0076593,37.29984085
200000186,삼경운수(주),2007,직행좌석형시내버스,수원KT위즈파크,4764,4112,652,6401,6401,0,127.008732,37.30051772
200000187,삼경운수(주),2007,직행좌석형시내버스,수원종합운동장.수원시체육회관.아너스빌위즈,5465,4757,708,3574,3574,0,127.0089197,37.29624895
200000188,삼경운수(주),2007,직행좌석형시내버스,장안문.느림보타운,3214,2330,884,83,83,0,127.0126094,37.2912807
200000189,대원고속,1007,직행좌석형시내버스,장안공원,3861,2311,1550,446,446,0,127.0130406,37.28850686
200000190,대원고속,1007,직행좌석형시내버스,화서문.장안공원,7660,6304,1356,7618,7618,0,127.0090949,37.28617338
200000191,삼경운수(주),300,좌석형시내버스,교육청사거리,4938,4247,691,4052,4052,0,127.0202445,37.29149712
200000192,삼경운수(주),300,좌석형시내버스,영화초등학교.한국건강관리협회,3652,3579,73,2503,2503,0,127.0151058,37.29614056
200000193,삼경운수(주),300,좌석형시내버스,수원KT위즈파크.수원종합운동장,3119,3054,65,1234,1234,0,127.0117398,37.29941608
200000194,삼경운수(주),2007,직행좌석형시내버스,경기일보.한일타운,13124,9600,3524,12346,12346,0,127.0049168,37.30405845
200000195,삼경운수(주),2007,직행좌석형시내버스,수일여중.한빛현요양병원.경기도융합과학교육원,6942,6408,534,7259,7259,0,127.0004706,37.30652068
200000196,삼경운수(주),2007,직행좌석형시내버스,한국가스안전공사,3676,3365,311,3075,3075,0,126.9974187,37.30785117
200000197,남양여객,400,일반형시내버스,우만주공4단지,3440,2743,697,4725,4725,0,127.0304022,37.29247831
200000200,삼경운수(주),2007,직행좌석형시내버스,장안지하차도.수원KT위즈파크,15093,13378,1715,8491,8491,0,127.0081737,37.30205268
200000202,대원고속,1007,직행좌석형시내버스,한국은행,5507,4998,509,3740,3740,0,127.0094399,37.28664966
200000204,대원고속,1009,직행좌석형시내버스,화서역.화서주공3단지,1262,1151,111,22,22,0,126.9920601,37.28663549
200000247,대원고속,1007_1,직행좌석형시내버스,연무동,98,89,9,737,737,0,127.0319494,37.29265914
200000266,대원고속,1009,직행좌석형시내버스,경기도립수원의료원.두견마을,21,20,1,774,774,0,126.9958059,37.29065938
200000271,삼경운수(주),2007,직행좌석형시내버스,동성아울렛,27,18,9,2489,2489,0,127.0122203,37.29134276
200000282,삼경운수(주),2007,직행좌석형시내버스,국세청삼거리.아주편한병원,2172,1983,189,2888,2888,0,126.9910019,37.31072586
200000321,성우운수(주),301,일반형시내버스,장안공원,2600,999,1601,3952,3952,0,127.0126087,37.28825551
201000001,삼경운수(주),300,좌석형시내버스,한마음외과,2297,2013,284,4151,4151,0,127.0208887,37.25477407
201000002,삼경운수(주),300,좌석형시내버스,세권사거리,1712,1554,158,2166,2166,0,127.0220781,37.25701997
201000003,삼경운수(주),300,좌석형시내버스,권선사거리.SK뷰아파트,1455,1381,74,2671,2671,0,127.0231476,37.2591432
201000004,삼경운수(주),300,좌석형시내버스,KT남수원지사,1584,1357,227,2191,2191,0,127.0241517,37.26115828
201000005,삼경운수(주),300,좌석형시내버스,KT남수원지사,2836,2655,181,2236,2236,0,127.0251345,37.26242609
201000006,삼경운수(주),300,좌석형시내버스,권선사거리.SK뷰아파트,3012,2944,68,2068,2068,0,127.0236702,37.25902893
201000007,삼경운수(주),300,좌석형시내버스,세권사거리,3198,3050,148,2521,2521,0,127.0219822,37.25581055
201000008,삼경운수(주),300,좌석형시내버스,한양아파트,1958,1903,55,936,936,0,127.02052659999998,37.25302643
201000009,삼경운수(주),300,좌석형시내버스,수원버스터미널,10086,8266,1820,9875,9875,0,127.0194909,37.25100107
201000010,삼경운수(주),300,좌석형시내버스,권선중학교,1078,1059,19,1922,1922,0,127.0183516,37.24901252
201000011,삼경운수(주),300,좌석형시내버스,공군관사,531,466,65,655,655,0,127.0178173,37.24290448
201000012,삼경운수(주),300,좌석형시내버스,권선동,339,323,16,251,251,0,127.0202195,37.23632562
201000013,삼경운수(주),300,좌석형시내버스,곡반정동입구,4938,4393,545,2069,2069,0,127.0217738,37.23336094
201000016,남양여객,400,일반형시내버스,오목천동태산아파트.서희스타힐스,2916,1736,1180,1956,1956,0,126.9628762,37.24582515
201000017,남양여객,400,일반형시내버스,수원여자대학입구,9,8,1,633,633,0,126.96563700000002,37.24671064
201000018,남양여객,400,일반형시내버스,고색초교.태산아파트,2259,1547,712,1389,1389,0,126.9796907,37.25064258
201000019,남양여객,400,일반형시내버스,신병원.대원.거산아파트,1897,1555,342,1932,1932,0,126.9838196,37.25183995
201000020,남양여객,400,일반형시내버스,공구유통타운.중앙자동차매매단지,447,341,106,383,383,0,126.9970998,37.25836862
201000022,남양여객,400,일반형시내버스,신병원.대원.거산아파트,4242,3936,306,1354,1354,0,126.984994,37.25186522
201000023,남양여객,400,일반형시내버스,고색초교.태산아파트,4820,4179,641,2877,2877,0,126.9799297,37.25043052
201000024,남양여객,400,일반형시내버스,수원여자대학교입구,1423,1265,158,602,602,0,126.9668655,37.2467921
201000025,남양여객,400,일반형시내버스,오목천동태산아파트.서희스타힐스,618,578,40,1710,1710,0,126.9642342,37.24600022
201000026,성우운수(주),909,좌석형시내버스,대명고등학교,1416,719,697,400,400,0,126.942303,37.29523331
201000028,성우운수(주),909,좌석형시내버스,구운사거리.농수산물유통센터,1995,619,1376,956,956,0,126.9685045,37.28559316
201000029,성우운수(주),909,좌석형시내버스,서수원버스터미널,2461,1769,692,1233,1233,0,126.9707955,37.28331212
201000030,대원고속,1009,직행좌석형시내버스,구운오거리.경기중소기업성장지원센터,3432,1649,1783,2098,2098,0,126.9740892,37.28140041
201000031,대원고속,1009,직행좌석형시내버스,웃거리,2600,1694,906,2479,2479,0,126.9789285,37.27708423
201000032,성우운수(주),909,좌석형시내버스,농촌진흥청,1293,352,941,1478,1478,0,126.9844315,37.27366936
201000033,성우운수(주),909,좌석형시내버스,농촌진흥청,839,458,381,2390,2390,0,126.9842711,37.27339257
201000034,대원고속,1009,직행좌석형시내버스,웃거리,2828,2599,229,2520,2520,0,126.9788366,37.27673716
201000035,대원고속,1009,직행좌석형시내버스,구운오거리.경기중소기업성장지원센터,2776,2572,204,3762,3762,0,126.9742361,37.28093129
201000036,성우운수(주),909,좌석형시내버스,구운사거리.농수산물유통센터,621,518,103,1627,1627,0,126.9685959,37.28487933
201000040,삼경운수(주),300,좌석형시내버스,비상활주로.곡반정동입구,3030,1142,1888,2161,2161,0,127.0214469,37.23301861
201000041,삼경운수(주),300,좌석형시내버스,공군관사,137,125,12,863,863,0,127.0173009,37.24286962
201000042,삼경운수(주),300,좌석형시내버스,권선중학교,1398,1169,229,1245,1245,0,127.0178134,37.24892357
201000043,삼경운수(주),300,좌석형시내버스,수원버스터미널,10913,9883,1030,7422,7422,0,127.0190299,37.25123244
201000044,성우운수(주),301,일반형시내버스,신곡동,1181,1059,122,3434,3434,0,127.012492,37.2492085
201000045,남양여객,5_2,일반형시내버스,세류사거리,1472,1125,347,3240,3240,0,127.0099438,37.25439261
201000046,남양여객,5_2,일반형시내버스,새터마을,1266,1149,117,4062,4062,0,127.0085253,37.25512474
201000047,남양여객,5_2,일반형시내버스,세류중학교.아세아시멘트,896,843,53,2984,2984,0,127.0054013,37.25853316
201000048,남양여객,5_2,일반형시내버스,세류중학교.아세아시멘트,1840,1762,78,939,939,0,127.0056121,37.25867434
201000049,남양여객,5_2,일반형시내버스,새터마을,5807,5652,155,1190,1190,0,127.0086243,37.25569229999999
201000050,남양여객,5_2,일반형시내버스,세류사거리,6851,6149,702,2983,2983,0,127.0103201,37.25469051
201000051,성우운수(주),301,일반형시내버스,신곡동,3611,3442,169,1050,1050,0,127.012547,37.24977007
201000052,성우운수(주),301,일반형시내버스,세류역,6474,4720,1754,3754,3754,0,127.0147048,37.24442836
201000055,성남시내버스(주),4000,직행좌석형시내버스,농수산물시장,0,0,0,61,61,0,127.029815,37.25675503
201000064,남양여객,400,일반형시내버스,고색파출소.종합공구단지,485,453,32,728,728,0,126.9867233,37.25265616
201000073,수원여객,11_1,일반형시내버스,큰갓띠,6,6,0,25,25,0,126.95123390000002,37.29475499
201000076,성우운수(주),909,좌석형시내버스,입북동입구,38,32,6,410,410,0,126.9604957,37.29161651
201000077,성우운수(주),909,좌석형시내버스,대명고등학교,422,274,148,1089,1089,0,126.9432293,37.29368584
201000078,성우운수(주),909,좌석형시내버스,입북동입구,517,310,207,415,415,0,126.9609189,37.29198538
201000110,성남시내버스(주),4000,직행좌석형시내버스,수원가구거리,49,49,0,3,3,0,127.0274597,37.25887369
201000116,성우운수(주),909,좌석형시내버스,서수원버스터미널,2444,2009,435,3310,3310,0,126.9708633,37.28290668
201000122,대원고속,1009,직행좌석형시내버스,고색동태산아파트.도로교통관리사업소,95,21,74,1223,1223,0,126.9758924,37.25061587
201000125,대원고속,1009,직행좌석형시내버스,권선구청.한봄고등학교,54,40,14,4,4,0,126.9738658,37.2571992
201000126,대원고속,1009,직행좌석형시내버스,도로교통관리사업소,1227,806,421,442,442,0,126.976283,37.25060971
201000130,대원고속,1007,직행좌석형시내버스,청구1차아파트,30,25,5,270,270,0,126.9692803,37.24022905
201000143,수원여객,11_1,일반형시내버스,곡반정동차고지,763,497,266,121,121,0,127.022802,37.2343605
201000144,수원여객,11_1,일반형시내버스,축산물유통센터입구,1504,1477,27,104,104,0,127.0286852,37.2406862
201000151,대원고속,1007,직행좌석형시내버스,오목천주공아파트,3,2,1,222,222,0,126.9639223,37.240287
201000152,대원고속,1007,직행좌석형시내버스,청구1차아파트,428,405,23,6,6,0,126.96800079999998,37.23999439999999
201000153,대원고속,1007,직행좌석형시내버스,오목초등학교,357,323,34,4,4,0,126.96389270000002,37.24011303
201000157,대원고속,1009,직행좌석형시내버스,서부경찰서.권선구청입구,10,3,7,115,115,0,126.9733881,37.25859672
201000171,대원고속,1009,직행좌석형시내버스,구운중학교,294,286,8,21,21,0,126.976483,37.27557215
201000172,대원고속,1009,직행좌석형시내버스,탑동초등학교.삼성아파트,248,235,13,34,34,0,126.9746436,37.27525783
201000173,대원고속,1009,직행좌석형시내버스,구운동주민센터.서수원도서관,531,185,346,59,59,0,126.9705647,37.2742733
201000178,수원여객,11_1,일반형시내버스,경기도건설본부.경기도동물위생시험소.칠보마을7단지,493,462,31,221,221,0,126.9405655,37.26754737
201000179,수원여객,11_1,일반형시내버스,LG빌리지1차.와이씨티칠보마을6단지아파트,659,622,37,230,230,0,126.9383614,37.27025084
201000180,수원여객,11_1,일반형시내버스,LG빌리지3차.모아미래도아파트,1277,1170,107,501,501,0,126.9380135,37.27387922
201000181,수원여객,11_1,일반형시내버스,모아미래도아파트.가온마을3단지,238,226,12,3125,3125,0,126.9416396,37.27508085
201000182,수원여객,11_1,일반형시내버스,당수동시민농장,40,37,3,204,204,0,126.9404088,37.2842368
201000183,수원여객,11_1,일반형시내버스,당수동삼정아파트,198,127,71,643,643,0,126.9438997,37.29140257
201000184,수원여객,11_1,일반형시내버스,당수동인정.한라.쌍용아파트,3107,2796,311,4926,4926,0,126.9408804,37.29189093
201000185,수원여객,11_1,일반형시내버스,입북동삼거리,273,259,14,222,222,0,126.9604598,37.29225241
201000186,대원고속,1009,직행좌석형시내버스,구운동성원아파트.일월먹거리촌,33,31,2,198,198,0,126.9747539,37.28209669
201000187,대원고속,1009,직행좌석형시내버스,구운동삼환아파트,60,55,5,376,376,0,126.9789935,37.28311574
201000188,대원고속,1009,직행좌석형시내버스,구운동삼환아파트,609,558,51,23,23,0,126.9781767,37.28265336
201000189,대원고속,1009,직행좌석형시내버스,구운동강남아파트,430,384,46,6,6,0,126.9752614,37.28198868
201000190,성우운수(주),301,일반형시내버스,세류사거리,1918,1490,428,3134,3134,0,127.0113413,37.25216694
201000191,남양여객,5_2,일반형시내버스,수원순복음교회,385,367,18,673,673,0,127.0361514,37.24561665
201000192,남양여객,5_2,일반형시내버스,수원버스터미널,4759,4167,592,6736,6736,0,127.0216746,37.24894553
201000193,남양여객,5_2,일반형시내버스,남수원초등학교,1575,1462,113,4357,4357,0,127.0166169,37.25076755
201000194,남양여객,5_2,일반형시내버스,세류2동주민센터,1436,1087,349,3075,3075,0,127.012726,37.25289527
201000195,남양여객,5_2,일반형시내버스,세류2동주민센터,2989,2858,131,988,988,0,127.0124511,37.25355684
201000196,남양여객,5_2,일반형시내버스,남수원초등학교,3286,3094,192,1587,1587,0,127.0168267,37.25116618
201000197,남양여객,5_2,일반형시내버스,수원버스터미널,5035,4621,414,2791,2791,0,127.0197156,37.24979622
201000198,남양여객,5_2,일반형시내버스,이마트,2909,2611,298,2067,2067,0,127.0229052,37.24907486
201000199,남양여객,5_2,일반형시내버스,선일초등학교,5887,4462,1425,3933,3933,0,127.0288936,37.24755833
201000200,남양여객,5_2,일반형시내버스,곡반초등학교,1921,1878,43,2409,2409,0,127.0366659,37.24599002
201000201,성우운수(주),301,일반형시내버스,세류2동.세류역환승주차장,283,192,91,1646,1646,0,127.0152893,37.2420174
201000202,성우운수(주),301,일반형시내버스,비행장입구.세류역,3934,1319,2615,4651,4651,0,127.01440929999998,37.2444525
201000203,성우운수(주),301,일반형시내버스,미영아파트,848,775,73,2317,2317,0,127.0134329,37.24708794
201000205,성남시내버스(주),4000,직행좌석형시내버스,수원시청역3번출구.서울보증보험,12,5,7,144,144,0,127.0311642,37.26041347
201000208,수원여객,11_1,일반형시내버스,대원아파트,113,85,28,457,457,0,127.0327749,37.24795736
201000209,남양여객,5_3,일반형시내버스,평생교육학습관.남수원중학교.온수골,927,625,302,989,989,0,127.0340713,37.25099709
201000210,남양여객,5_3,일반형시내버스,평생교육학습관.남수원중학교,1318,1209,109,683,683,0,127.0348765,37.25181124
201000211,남양여객,5_3,일반형시내버스,우남아파트,644,587,57,608,608,0,127.0331436,37.24775023
201000217,대원고속,1009,직행좌석형시내버스,탑동우방아파트,6,4,2,68,68,0,126.9712144,37.26880595
201000218,대원고속,1009,직행좌석형시내버스,탑동우방아파트,245,245,0,45,45,0,126.9716019,37.26874262
201000233,수원여객,11_1,일반형시내버스,한솔아파트.한림도서관,119,91,28,940,940,0,127.025129,37.23631245
201000234,수원여객,11_1,일반형시내버스,축산물유통센터.수원아이파크4단지,119,110,9,1174,1174,0,127.0283662,37.24098198
201000235,수원여객,11_1,일반형시내버스,곡반중학교.수원아이파크,260,173,87,736,736,0,127.0313455,37.24514939
201000236,수원여객,11_1,일반형시내버스,곡반중학교.수원아이파크,618,560,58,561,561,0,127.0318072,37.24508374
201000237,수원여객,11_1,일반형시내버스,한솔아파트.한림도서관,505,485,20,21,21,0,127.0262077,37.23652288
201000238,수원여객,11_1,일반형시내버스,곡반정동차고지,1361,949,412,656,656,0,127.0225448,37.23427544
201000240,수원여객,11_1,일반형시내버스,당수동인정.한라.쌍용아파트,1130,1040,90,2750,2750,0,126.94074779999998,37.29225619
201000241,수원여객,11_1,일반형시내버스,당수동삼정아파트,206,195,11,196,196,0,126.9439249,37.29152132
201000242,수원여객,11_1,일반형시내버스,당수동시민농장,19,19,0,295,295,0,126.9408341,37.28346274
201000243,수원여객,11_1,일반형시내버스,가온마을3단지.모아미래도아파트,3314,2669,645,1027,1027,0,126.94184380000002,37.27492647
201000244,수원여객,11_1,일반형시내버스,LG빌리지2차.휴먼시아5단지아파트,712,642,70,1592,1592,0,126.938144,37.27311607
201000245,수원여객,11_1,일반형시내버스,와이씨티칠보마을6단지.LG빌리지1차아파트,357,305,52,815,815,0,126.9386756,37.26995429
201000252,대원고속,1009,직행좌석형시내버스,탑동초등학교.삼성아파트,61,54,7,239,239,0,126.9740061,37.2753492
201000253,대원고속,1009,직행좌석형시내버스,구운중학교,51,36,15,215,215,0,126.9771962,37.27593887
201000260,대원고속,1007,직행좌석형시내버스,국립축산과학원,2,2,0,3,3,0,126.9663063,37.23613487
201000268,남양여객,5_2,일반형시내버스,곡반중학교,2522,1763,759,1789,1789,0,127.034254,37.24608082
201000296,수원여객,11_1,일반형시내버스,상고렴사거리.곡선동주민센터,375,366,9,142,142,0,127.0304157,37.24279974
201000310,수원여객,11_1,일반형시내버스,입북동주민센터,197,167,30,993,993,0,126.95970859999998,37.29412331
201000311,수원여객,11_1,일반형시내버스,입북동주민센터,1171,1150,21,201,201,0,126.9594882,37.29455921
201000312,수원여객,11_1,일반형시내버스,웅비아파트,839,824,15,206,206,0,126.9580408,37.29765626
201000315,수원여객,11_1,일반형시내버스,경기대명고등학교,59,34,25,525,525,0,126.9416607,37.29374214
201000326,대원고속,1007,직행좌석형시내버스,오현초등학교,0,0,0,297,297,0,126.9681735,37.245513
201000327,대원고속,1007,직행좌석형시내버스,오현초등학교,497,468,29,5,5,0,126.9682635,37.24579235
201000330,수원여객,11_1,일반형시내버스,웅비아파트,140,119,21,653,653,0,126.95819109999998,37.29767751
201000336,남양여객,400,일반형시내버스,공구유통타운.중앙자동차매매단지,647,558,89,428,428,0,126.9970935,37.25786531
201000337,수원여객,11_1,일반형시내버스,경기도건설본부.경기도동물위생시험소.칠보마을7단지,239,226,13,420,420,0,126.9415628,37.2676768
201000341,남양여객,400,일반형시내버스,고색동입구,246,202,44,191,191,0,126.9901461,37.25328047
201000349,대원고속,1009,직행좌석형시내버스,우림.대한아파트,7,5,2,85,85,0,126.9779732,37.24588032
201000350,대원고속,1009,직행좌석형시내버스,우림.대한아파트,177,157,20,2,2,0,126.9778248,37.24734087
201000352,대원고속,1009,직행좌석형시내버스,산업단지중앙로,113,111,2,11,11,0,126.977848,37.24092784
201000353,대원고속,1009,직행좌석형시내버스,산업단지중앙로,7,7,0,144,144,0,126.9776779,37.24114151
201000355,대원고속,1009,직행좌석형시내버스,수원산업단지육교앞,3,3,0,100,100,0,126.9790863,37.24350226
201000356,성우운수(주),301,일반형시내버스,미영아파트,3403,3246,157,1166,1166,0,127.0135969,37.24735566
201000357,수원여객,11_1,일반형시내버스,수원은혜교회.한양수자인파크원아파트,541,491,50,697,697,0,126.953978,37.26601644
201000358,수원여객,11_1,일반형시내버스,한양수자인파크원아파트.금호초등학교,990,925,65,539,539,0,126.9527161,37.2659687
201000365,남양여객,400,일반형시내버스,서수원주민편익시설,181,135,46,624,624,0,126.9727555,37.24838346
201000368,수원여객,11_1,일반형시내버스,상고렴사거리.수원아이파크시티4단지,29,25,4,527,527,0,127.0296303,37.24245158
201000369,수원여객,11_1,일반형시내버스,서수원자이아파트,515,498,17,2064,2064,0,126.9588287,37.29644813
201000370,수원여객,11_1,일반형시내버스,서수원자이아파트,2282,2258,24,392,392,0,126.9589379,37.29599386
201000371,수원여객,11_1,일반형시내버스,큰갓띠,8,8,0,117,117,0,126.9513138,37.29466667
201000372,수원여객,11_1,일반형시내버스,당수동,0,0,0,60,60,0,126.944845,37.29404131
201000384,성남시내버스(주),4000,직행좌석형시내버스,권선보성.두산동아.신우아파트,1,1,0,104,104,0,127.0273412,37.25097769
201000389,남양여객,400,일반형시내버스,고색동입구,121,98,23,201,201,0,126.9899781,37.25355075
201000390,남양여객,400,일반형시내버스,중보교.수원역자동차운전전문학원,87,79,8,110,110,0,126.9946107,37.25576928
201000391,대원고속,1007,직행좌석형시내버스,영조아파트.푸르지오아파트,11,10,1,277,277,0,126.9691263,37.24290632
201000392,대원고속,1007,직행좌석형시내버스,영조아파트.푸르지오아파트,231,224,7,4,4,0,126.969328,37.24294519
201000393,대원고속,1007,직행좌석형시내버스,아름다운나날,9,9,0,144,144,0,126.9697777,37.24116598
201000396,수원여객,11_1,일반형시내버스,대명고등학교,346,87,259,609,609,0,126.9414658,37.29383268
201000399,성우운수(주),301,일반형시내버스,세류2동,2708,2498,210,1436,1436,0,127.0117979,37.2517245
201000403,성남시내버스(주),4000,직행좌석형시내버스,권선자이.e편한세상,4,4,0,96,96,0,127.0286736,37.25382411
201000408,수원여객,11_1,일반형시내버스,호매실마을14단지.장애인종합복지관,294,256,38,356,356,0,126.9571692,37.26274247
201000409,수원여객,11_1,일반형시내버스,호매실마을14단지.장애인종합복지관,395,347,48,645,645,0,126.9574307,37.26284511
201000410,수원여객,11_1,일반형시내버스,수원시보훈회관.호매실마을13단지,715,572,143,738,738,0,126.957331,37.26514791
201000411,수원여객,11_1,일반형시내버스,호매실마을13단지.수원시보훈회관,625,557,68,751,751,0,126.9576414,37.26534166
201000412,수원여객,11_1,일반형시내버스,모아미래도아파트.칠보마을5단지,1525,1300,225,531,531,0,126.9409662,37.27432454
201000423,수원여객,11_1,일반형시내버스,당수초등학교.삼정아파트,244,240,4,1092,1092,0,126.94462659999998,37.2901147
201000424,성우운수(주),301,일반형시내버스,세류역환승주차장,507,445,62,729,729,0,127.0156353,37.24189403
201000430,남양여객,5_2,일반형시내버스,수원아이파크시티.선일초교,3144,2619,525,3603,3603,0,127.028889,37.24727379
201000432,남양여객,400,일반형시내버스,동남아파트,179,113,66,1100,1100,0,127.000468,37.2608466
201000435,수원여객,11_1,일반형시내버스,능실초등학교,461,425,36,586,586,0,126.956963,37.26019722
201000436,수원여객,11_1,일반형시내버스,능실초등학교,392,355,37,632,632,0,126.9572144,37.26036743
201000438,수원여객,11_1,일반형시내버스,호매실스위첸19단지.능실마을22단지,994,915,79,1750,1750,0,126.9598817,37.25874128
201000439,수원여객,11_1,일반형시내버스,호매실스위첸19단지.능실마을22단지,2175,2128,47,802,802,0,126.9602657,37.25859878
201000440,수원여객,11_1,일반형시내버스,능실마을20단지,1085,1066,19,402,402,0,126.9621744,37.25748011
201000441,수원여객,11_1,일반형시내버스,자목마을입구.한양수자인파크원아파트,95,79,16,191,191,0,126.9478447,37.26647056
201000442,수원여객,11_1,일반형시내버스,한양수자인파크원아파트.자목마을입구,355,331,24,477,477,0,126.9494138,37.26655771
201000445,수원여객,11_1,일반형시내버스,서부공영차고지,221,204,17,1061,1061,0,126.962755,37.25547017
201000446,수원여객,11_1,일반형시내버스,서부공영차고지,1106,1070,36,632,632,0,126.9629544,37.25531205
201000458,수원여객,11_1,일반형시내버스,능실마을20단지,546,507,39,1093,1093,0,126.9623631,37.25782971
201000459,수원여객,11_1,일반형시내버스,서수원레이크푸르지오1단지,1074,991,83,2274,2274,0,126.9528795,37.2997657
201000460,수원여객,11_1,일반형시내버스,서수원레이크푸르지오2단지,3493,3442,51,877,877,0,126.9524763,37.29966339
201000465,수원여객,11_1,일반형시내버스,당수초등학교.삼정아파트,1520,1458,62,1161,1161,0,126.9445163,37.28997948
201000468,수원여객,11_1,일반형시내버스,권선구청.경기종합노동복지회관,689,636,53,936,936,0,126.97068590000002,37.25628971
201000469,수원여객,11_1,일반형시내버스,권선구청.경기종합노동복지회관,769,744,25,1179,1179,0,126.97071979999998,37.25607898
201000470,대원고속,1009,직행좌석형시내버스,구운동주민센터.서수원도서관,45,28,17,155,155,0,126.9710897,37.27465449
201000474,남양여객,5_2,일반형시내버스,수원센트럴타운3단지,1923,1620,303,1112,1112,0,127.0037705,37.26119259
201000475,남양여객,5_2,일반형시내버스,수원센트럴타운3단지,2798,2723,75,6387,6387,0,127.0040458,37.2613441
201000488,남양여객,400,일반형시내버스,서수원주민편익시설,153,107,46,290,290,0,126.972375,37.24860669
201000492,남양여객,400,일반형시내버스,중보교.수원역자동차운전전문학원,238,205,33,163,163,0,126.9949042,37.25562313
201000493,대원고속,1007,직행좌석형시내버스,영조아름다운나날1단지,336,292,44,10,10,0,126.9699815,37.24126961
201000538,수원여객,11_1,일반형시내버스,당수동,2,2,0,18,18,0,126.94469479999998,37.2938803
201000588,남양여객,999,일반형시내버스,수원역환승센터(2승강장),1,1,0,401,401,0,126.9992795,37.26540386
201000590,남양여객,999,일반형시내버스,수원역환승센터(4승강장),3046,1589,1457,20,20,0,126.9989374,37.26520446
201000591,남양여객,5_2,일반형시내버스,수원역환승센터(5승강장),1389,675,714,295,295,0,126.9987123,37.26526099
201000592,남양여객,400,일반형시내버스,수원역환승센터(6승강장),6069,3417,2652,1705,1705,0,126.9985033,37.26542804
201000596,수원여객,11_1,일반형시내버스,수원역환승센터(10승강장),6369,3072,3297,7849,7849,0,126.9986035,37.26602457
202000001,남양여객,400,일반형시내버스,수원시평생학습관.창룡도서관.연무사회복지관,2600,2370,230,2011,2011,0,127.0271313,37.29142369
202000002,남양여객,5_3,일반형시내버스,경기소방본부,271,211,60,694,694,0,127.03608429999998,37.25558624
202000004,대원고속,1007_1,직행좌석형시내버스,아주대학교입구,660,453,207,1042,1042,0,127.0439108,37.27587818
202000005,대원고속,1007_1,직행좌석형시내버스,아주대.아주대학교병원,4575,3603,972,2520,2520,0,127.0437249,37.27861853
202000007,대원고속,65,일반형시내버스,성빈센트병원,10156,9266,890,3966,3966,0,127.0271832,37.27710836
202000008,대원고속,65,일반형시내버스,동수원사거리,5519,4929,590,3047,3047,0,127.0293924,37.27835284
202000010,성남시내버스(주),4000,직행좌석형시내버스,수원시청역8번출구.씨네파크.헌혈의집,23,22,1,356,356,0,127.0324467,37.26378667
202000011,성남시내버스(주),4000,직행좌석형시내버스,중소기업은행,25,20,5,302,302,0,127.0333947,37.26623723
202000012,성남시내버스(주),4000,직행좌석형시내버스,인계삼성아파트.현대힐스테이트,18,18,0,217,217,0,127.0353134,37.27105723
202000013,성남시내버스(주),4000,직행좌석형시내버스,청소년문화센터,28,24,4,158,158,0,127.0367447,37.27459995
202000014,대원고속,65,일반형시내버스,인계선경아파트,1293,1034,259,2172,2172,0,127.0366034,37.27688608
202000015,대원고속,65,일반형시내버스,수원고용복지플러스센터.동수원병원.라마다호텔,3443,2678,765,4407,4407,0,127.03393359999998,37.2776175
202000016,대원고속,65,일반형시내버스,수원고용복지플러스센터.동수원병원.라마다호텔,5513,5098,415,2545,2545,0,127.03520259999998,37.2776329
202000017,대원고속,65,일반형시내버스,우만신성아파트,2681,2461,220,1976,1976,0,127.0370289,37.27709723
202000018,성남시내버스(주),4000,직행좌석형시내버스,현대힐스테이트.인계삼성아파트,206,205,1,13,13,0,127.0356854,37.27103009
202000019,성남시내버스(주),4000,직행좌석형시내버스,뉴코아아울렛,301,271,30,5,5,0,127.03355220000002,37.26552537
202000020,성남시내버스(주),4000,직행좌석형시내버스,수원시청역9번출구.국민연금공단,255,207,48,13,13,0,127.0325139,37.26287661
202000021,성남시내버스(주),4000,직행좌석형시내버스,수원시청역2번출구.벽산그랜드코아,153,143,10,8,8,0,127.031487,37.26023684
202000028,대원고속,65,일반형시내버스,팔달문.수원백병원,5144,3142,2002,10818,10818,0,127.0165912,37.27880543
202000029,남양여객,400,일반형시내버스,팔달문.이안과,4210,3829,381,2792,2792,0,127.0168244,37.27997087
202000030,남양여객,400,일반형시내버스,팔달문,15600,10459,5141,7600,7600,0,127.017306,37.27770284
202000031,대원고속,65,일반형시내버스,영동시장,6949,4799,2150,6501,6501,0,127.0185408,37.27535881
202000032,대원고속,1007_1,직행좌석형시내버스,효성초등학교,19,7,12,316,316,0,127.0395902,37.28206662
202000033,대원고속,1007_1,직행좌석형시내버스,수원월드컵경기장.동성중학교,43,41,2,507,507,0,127.03517759999998,37.28539527
202000034,대원고속,1007_1,직행좌석형시내버스,수원시평생학습관.우만주공아파트,79,69,10,398,398,0,127.02984920000002,37.29074949
202000035,성남시내버스(주),4000,직행좌석형시내버스,수원시평생학습관.우만주공아파트,170,145,25,23,23,0,127.03008590000002,37.29087414
202000036,대원고속,1007_1,직행좌석형시내버스,여권민원실.풍림아파트,574,547,27,48,48,0,127.0335333,37.28755753
202000037,대원고속,1007_1,직행좌석형시내버스,수원월드컵경기장.동성중학교,476,464,12,35,35,0,127.03606840000002,37.28500483
202000038,대원고속,1007_1,직행좌석형시내버스,효성초등학교,291,269,22,18,18,0,127.0396347,37.28233601
202000039,성남시내버스(주),4000,직행좌석형시내버스,창현고교.아주대학교.유신고교,26,19,7,9,9,0,127.0421544,37.28085557
202000043,남양여객,400,일반형시내버스,월드컵경기장입구.우만아파트주공3단지,410,367,43,634,634,0,127.0325504,37.29238939
202000045,삼경운수(주),300,좌석형시내버스,KBS수원센터정문.한화생명,2794,2722,72,2974,2974,0,127.0284928,37.27211158
202000046,대원고속,65,일반형시내버스,우만동선경아파트,2158,1847,311,933,933,0,127.039888,37.27624435
202000047,남양여객,400,일반형시내버스,팔달문,4701,3658,1043,1360,1360,0,127.0162585,37.27738072
202000048,대원고속,65,일반형시내버스,2001아울렛,11179,7093,4086,7030,7030,0,127.021449,37.275420200000006
202000049,대원고속,65,일반형시내버스,우만동선경아파트,2144,653,1491,3398,3398,0,127.03965320000002,37.27596145
202000050,대원고속,65,일반형시내버스,성빈센트병원,1818,1417,401,6932,6932,0,127.0261173,37.27635395
202000051,대원고속,65,일반형시내버스,2001아울렛,7218,4493,2725,7962,7962,0,127.0223714,37.27530409
202000052,대원고속,65,일반형시내버스,녹산문고앞,4370,2254,2116,8746,8746,0,127.0180991,37.27511504
202000053,남양여객,400,일반형시내버스,우만동4단지,7467,5249,2218,3269,3269,0,127.0309214,37.29224834
202000054,대원고속,1007_1,직행좌석형시내버스,여권민원실.풍림아파트,32,28,4,351,351,0,127.0331201,37.28746627
202000055,남양여객,400,일반형시내버스,창룡문.연무대,931,872,59,1413,1413,0,127.0242237,37.28724672
202000057,남양여객,400,일반형시내버스,팔달구청.수원화성박물관,2335,2087,248,990,990,0,127.0188663,37.28177407
202000058,남양여객,400,일반형시내버스,팔달구청.수원화성박물관,895,757,138,1614,1614,0,127.0189639,37.28200647
202000059,남양여객,400,일반형시내버스,매향동,911,860,51,829,829,0,127.0217658,37.28419911
202000060,남양여객,400,일반형시내버스,창룡문.연무대,824,774,50,1086,1086,0,127.0243242,37.28814344
202000061,성남시내버스(주),4000,직행좌석형시내버스,창현고교.아주대학교.유신고교,2,2,0,67,67,0,127.0421848,37.28055563
202000062,삼경운수(주),300,좌석형시내버스,수원시청사거리.윌스기념병원,3762,3520,242,6243,6243,0,127.0253023,37.26416377
202000063,삼경운수(주),300,좌석형시내버스,인계사거리,3241,2925,316,5346,5346,0,127.026513,37.26718805
202000064,삼경운수(주),300,좌석형시내버스,수원고용복지플러스센터.동수원사거리.삼성생명,9694,8936,758,4309,4309,0,127.0298722,37.27572954
202000065,삼경운수(주),300,좌석형시내버스,동부지구대.수원시장기요양지원센터.수병원,5653,5265,388,6171,6171,0,127.0299615,37.28051048
202000066,삼경운수(주),300,좌석형시내버스,창룡문,4858,3922,936,5410,5410,0,127.0270768,37.28604347
202000067,삼경운수(주),300,좌석형시내버스,창룡문,4791,4053,738,4560,4560,0,127.0271215,37.28666562
202000068,삼경운수(주),300,좌석형시내버스,동부지구대.수원시장기요양지원센터.수병원,6874,5780,1094,5157,5157,0,127.0305605,37.28047918
202000069,삼경운수(주),300,좌석형시내버스,수원고용복지플러스센터.동수원사거리.삼성생명,4531,4384,147,9196,9196,0,127.0303206,37.27581601
202000070,삼경운수(주),300,좌석형시내버스,KBS수원센터.KB손해보험,2248,2216,32,3889,3889,0,127.0291359,37.27268714
202000071,삼경운수(주),300,좌석형시내버스,국제사이버대학교.인계사거리,3955,3329,626,3382,3382,0,127.0278527,37.26943378
202000072,삼경운수(주),300,좌석형시내버스,수원시청사거리,6769,6010,759,4152,4152,0,127.0259972,37.26463101
202000073,대원고속,65,일반형시내버스,아주대입구.우리은행,12851,9492,3359,6635,6635,0,127.04238490000002,37.27539798
202000074,남양여객,5_3,일반형시내버스,임광아파트.야외음악당,385,333,52,352,352,0,127.0370174,37.25763589
202000075,남양여객,5_3,일반형시내버스,경기아트센터.매탄위브하늘채,227,157,70,251,251,0,127.0389137,37.26215267
202000076,남양여객,5_3,일반형시내버스,자유총연맹,687,359,328,173,173,0,127.0398017,37.264197
202000079,성남시내버스(주),4000,직행좌석형시내버스,청소년문화센터,109,109,0,14,14,0,127.0372996,37.27500318
202000081,남양여객,400,일반형시내버스,매향동,305,294,11,313,313,0,127.0208439,37.28243459
202000082,대원고속,65,일반형시내버스,한국전력경기사업본부.한라시그마팰리스,3039,2427,612,7589,7589,0,127.0286947,37.277848
202000085,성남시내버스(주),4000,직행좌석형시내버스,인계래미안노블클래스,0,0,0,36,36,0,127.0345175,37.26891882
202000086,성남시내버스(주),4000,직행좌석형시내버스,인계래미안노블클래스,134,134,0,8,8,0,127.03475520000002,37.26880873
202000087,남양여객,400,일반형시내버스,남수동,758,724,34,645,645,0,127.0226515,37.28498553
202000088,대원고속,1007,직행좌석형시내버스,수원역,9004,4461,4543,710,710,0,127.0001122,37.26798551
202000097,남양여객,50_2,일반형시내버스,팔달문,292,183,109,712,712,0,127.0170692,37.27715772
202000105,남양여객,5_2,일반형시내버스,수원역.AK플라자,57539,31306,26233,34470,34470,0,127.0014835,37.2649378
202000106,남양여객,5_2,일반형시내버스,수원역.AK플라자,97946,49299,48647,27764,27764,0,127.0009035,37.26736535
202000109,대원고속,60,일반형시내버스,화서문로터리,1888,1673,215,3951,3951,0,127.0072198,37.28427866
202000201,대원고속,1007,직행좌석형시내버스,병무청입구.고등동행정복지센터,10893,9592,1301,9268,9268,0,127.0038846,37.2794386
202000202,대원고속,1007,직행좌석형시내버스,화서문로터리,4609,4324,285,4111,4111,0,127.0069927,37.28465852
202000203,대원고속,1007,직행좌석형시내버스,글로벌청소년드림센터.경기도지사공관,3335,3089,246,4559,4559,0,127.005742,37.28216547
202000204,대원고속,1007,직행좌석형시내버스,글로벌청소년드림센터.경기도지사공관,3640,3307,333,3205,3205,0,127.00605729999998,37.28217974
202000205,대원고속,1007,직행좌석형시내버스,화서시장.병무청입구.고등동행정복지센터,10964,8831,2133,9096,9096,0,127.0046281,37.28010598
202000206,남양여객,400,일반형시내버스,가족여성회관.이춘택병원.수원농협,922,605,317,2551,2551,0,127.0142639,37.27159298
202000208,대원고속,1007,직행좌석형시내버스,수원역.노보텔수원,8040,3251,4789,68688,68688,0,126.9996078,37.26811186
202000211,대원고속,1007,직행좌석형시내버스,고등동사거리,1888,1721,167,2440,2440,0,127.0022226,37.27376516
202000212,남양여객,400,일반형시내버스,향교.팔달보건소.중앙침례교회,584,394,190,1050,1050,0,127.0121329,37.27065612
202000213,남양여객,400,일반형시내버스,세무서.도청입구.신용회복위원회,1555,1247,308,1255,1255,0,127.0077627,37.26897683
202000214,남양여객,400,일반형시내버스,세무서.도청입구.신용회복위원회,2555,1658,897,4377,4377,0,127.0070258,37.26894987
202000215,남양여객,400,일반형시내버스,향교.팔달보건소.중앙침례교회,1012,836,176,1190,1190,0,127.0117383,37.27071922
202000216,남양여객,400,일반형시내버스,가족여성회관.이춘택병원.해움미술관.수원농협,2782,2088,694,1092,1092,0,127.0152111,37.27225063
202000217,대원고속,1007,직행좌석형시내버스,농천교회,1832,1530,302,15493,15493,0,127.0006554,37.27098997
202000219,남양여객,400,일반형시내버스,수원역.AK플라자,15950,8317,7633,18827,18827,0,127.0009335,37.26745951
202000220,대원고속,1007,직행좌석형시내버스,수원여자고교,2218,2018,200,1762,1762,0,127.0028202,37.27602675
202000221,대원고속,1007,직행좌석형시내버스,수원여자고교,2607,2311,296,5670,5670,0,127.0031446,37.27609917
202000222,대원고속,1007,직행좌석형시내버스,고등동사거리,1962,1815,147,2610,2610,0,127.0018393,37.27244965
202000223,대원고속,1007,직행좌석형시내버스,고등동구터미널,2765,2189,576,2294,2294,0,127.0010613,37.27117919
202000224,남양여객,400,일반형시내버스,매산시장,10767,4968,5799,3824,3824,0,127.0034063,37.26731374
202000225,남양여객,400,일반형시내버스,수원역.역전시장,16265,7126,9139,50499,50499,0,127.0018454,37.26511559
203000001,남양여객,400,일반형시내버스,경기남부지방경찰청.봉녕사입구,1035,863,172,2086,2086,0,127.0342295,37.29358334
203000018,성우운수(주),900,일반형시내버스,영통역7번출구.영덕고등학교,4016,3078,938,365,365,0,127.0697366,37.25252303
203000023,대원고속,M5422,광역급행형시내버스,삼성전자중앙문,8214,8053,161,7,7,0,127.0486777,37.25944734
203000028,대원고속,M5422,광역급행형시내버스,삼성전자중앙문,31,31,0,7438,7438,0,127.048115,37.25925252
203000034,남양여객,400,일반형시내버스,경기대수원캠퍼스후문,230,141,89,596,596,0,127.0419551,37.29776985
203000035,남양여객,400,일반형시내버스,경기대수원캠퍼스후문,241,215,26,153,153,0,127.0417948,37.29785974
203000041,남양여객,5_3,일반형시내버스,차세대융합기술연구원.푸르지오월드마크,343,249,94,3338,3338,0,127.04788059999998,37.29342866
203000042,남양여객,5_3,일반형시내버스,푸르지오월드마크.차세대융합기술연구원,2904,2461,443,301,301,0,127.0474494,37.29240687
203000045,남양여객,5_3,일반형시내버스,광교역사공원.광교카페거리,297,272,25,817,817,0,127.0544404,37.29526629
203000046,남양여객,5_3,일반형시내버스,수원광교박물관.광교카페거리,406,338,68,658,658,0,127.0511976,37.29476795
203000047,대원고속,1007_1,직행좌석형시내버스,원천삼성아파트,78,76,2,1,1,0,127.06060890000002,37.26522663
203000048,대원고속,1007_1,직행좌석형시내버스,무궁화전자,131,124,7,0,0,0,127.0637997,37.26179566
203000049,대원고속,1007_1,직행좌석형시내버스,대광빌리지,14,14,0,0,0,0,127.0651322,37.25896162
203000053,대원고속,1007_1,직행좌석형시내버스,대광빌리지,0,0,0,99,99,0,127.0648508,37.25904039
203000054,대원고속,1007_1,직행좌석형시내버스,무궁화전자,0,0,0,145,145,0,127.06354170000002,37.26183392
203000055,대원고속,1007_1,직행좌석형시내버스,원천삼성아파트,0,0,0,118,118,0,127.0608116,37.26489314
203000056,남양여객,5_3,일반형시내버스,매탄2동주민센터,325,287,38,830,830,0,127.0460701,37.27250434
203000057,남양여객,5_3,일반형시내버스,매탄시장입구,551,413,138,317,317,0,127.0454275,37.27258567
203000063,남양여객,5_3,일반형시내버스,삼성1차아파트,548,436,112,405,405,0,127.0410044,37.26612681
203000064,대원고속,1112,직행좌석형시내버스,e편한세상아파트,1363,1295,68,1940,1940,0,127.0671989,37.2463915
203000065,대원고속,1112,직행좌석형시내버스,극동.풍림아파트,22,12,10,2404,2404,0,127.0688132,37.24927391
203000066,대원고속,1007_1,직행좌석형시내버스,아주대.아주대학교병원,1781,1453,328,3806,3806,0,127.0439446,37.27872671
203000067,대원고속,1007_1,직행좌석형시내버스,아주대학교입구,1444,1028,416,2305,2305,0,127.044118,37.27595264
203000068,대원고속,1007_1,직행좌석형시내버스,구법원사거리,6635,4333,2302,8079,8079,0,127.0472182,37.27396825
203000069,대원고속,1007_1,직행좌석형시내버스,KT동수원지사,8344,7331,1013,2171,2171,0,127.051131,37.27361428
203000070,대원고속,1007_1,직행좌석형시내버스,남부경찰서.매원초교.성일아파트,1876,1775,101,673,673,0,127.05547620000002,37.27254075
203000071,대원고속,1007_1,직행좌석형시내버스,광교호수공원입구.원천교사거리,1844,1729,115,448,448,0,127.0596402,37.27095478
203000072,대원고속,1007_1,직행좌석형시내버스,원천주공2단지,4517,4038,479,1553,1553,0,127.062856,37.26972165
203000074,대원고속,1112,직행좌석형시내버스,영통역8번출구,287,38,249,6109,6109,0,127.0718481,37.25237172
203000075,대원고속,1112,직행좌석형시내버스,청명역4번출구,50,20,30,1682,1682,0,127.07744479999998,37.25827906
203000077,대원고속,1112,직행좌석형시내버스,황골주공.벽산아파트,73,49,24,4024,4024,0,127.0819049,37.26529517
203000080,대원고속,1007_1,직행좌석형시내버스,원천주공2단지,139,138,1,1,1,0,127.06227959999998,37.26795592
203000081,대원고속,1007_1,직행좌석형시내버스,원일초교,111,109,2,0,0,0,127.0594081,37.26667027
203000083,대원고속,M5422,광역급행형시내버스,금성아파트.한국1차아파트,48,44,4,4782,4782,0,127.0569019,37.26804866
203000108,남양여객,5_2,일반형시내버스,망포중학교,5640,5409,231,239,239,0,127.05661,37.23877412
203000109,남양여객,5_2,일반형시내버스,망포1동주민센터.삼정라츠.늘푸른벽산,3234,2942,292,199,199,0,127.0595041,37.23740063
203000116,대원고속,M5422,광역급행형시내버스,금성아파트.한국2차아파트,6341,6027,314,12,12,0,127.0562363,37.26742725
203000118,대원고속,1007_1,직행좌석형시내버스,원일초교.성일아파트,0,0,0,109,109,0,127.0604548,37.26735552
203000119,대원고속,5006,직행좌석형시내버스,삼성전자입구,3925,2888,1037,3986,3986,0,127.066595,37.26899009
203000120,대원고속,1112,직행좌석형시내버스,황골벽산아파트,4162,2993,1169,62,62,0,127.08242450000002,37.26624992
203000122,대원고속,1112,직행좌석형시내버스,청명역3번출구,2435,2026,409,48,48,0,127.0786351,37.25880227
203000123,대원고속,1112,직행좌석형시내버스,영통역,4446,3242,1204,86,86,0,127.0739234,37.25381212
203000124,대원고속,1550_1,직행좌석형시내버스,망포역1번출구.디지털엠파이어1,5177,3890,1287,668,668,0,127.05964240000002,37.2457675
203000125,대원고속,1112,직행좌석형시내버스,경희대학교,8653,7794,859,6680,6680,0,127.0774914,37.247812
203000131,성우운수(주),900,일반형시내버스,신나무실아파트,3321,3004,317,584,584,0,127.06593290000002,37.25268942
203000135,성우운수(주),900,일반형시내버스,살구골공원.영통역3번출구,343,32,311,4526,4526,0,127.073539,37.24991791
203000136,성우운수(주),900,일반형시내버스,영통역6번출구.영덕고등학교,535,128,407,3236,3236,0,127.069869,37.25215292
203000137,성우운수(주),900,일반형시내버스,신나무실아파트,1225,1057,168,3650,3650,0,127.06608359999998,37.2524677
203000138,성우운수(주),900,일반형시내버스,벽적골태영아파트,720,651,69,2291,2291,0,127.0626868,37.2495803
203000139,성우운수(주),900,일반형시내버스,영통롯데아파트,1577,1246,331,3191,3191,0,127.0613136,37.24669432
203000140,성우운수(주),900,일반형시내버스,망포역7번출구.벽적골8단지,1954,1496,458,1282,1282,0,127.0584547,37.24608306
203000141,성우운수(주),900,일반형시내버스,우성아파트,2596,2065,531,906,906,0,127.0609685,37.24714272
203000142,성우운수(주),900,일반형시내버스,벽적골주공아파트,2304,2200,104,447,447,0,127.062513,37.24979092
203000143,성우운수(주),900,일반형시내버스,영일중학교.수원출입국외국인청,2134,1928,206,41,41,0,127.0751133,37.24924639
203000147,남양여객,5_2,일반형시내버스,동수원LG빌리지3단지.삼정라츠.늘푸린벽산,252,240,12,1731,1731,0,127.0593033,37.23720197
203000148,남양여객,5_2,일반형시내버스,망포중학교,264,239,25,4321,4321,0,127.05662920000002,37.2382973
203000149,남양여객,5_2,일반형시내버스,태장초등학교,155,148,7,2347,2347,0,127.0553944,37.24090113
203000150,남양여객,5_2,일반형시내버스,그대가프리미어아파트.망포역3번출구,1266,445,821,7339,7339,0,127.0561861,37.24473018
203000151,남양여객,5_2,일반형시내버스,방죽공원.영통힐스테이트.쌍용아파트,689,504,185,2438,2438,0,127.051993,37.24540123
203000152,남양여객,5_2,일반형시내버스,영통아이파크캐슬1단지.래미안영통마크원2단지,1781,1683,98,2427,2427,0,127.0462857,37.245039
203000153,남양여객,5_2,일반형시내버스,래미안영통마크원2단지.영통아이파크캐슬1단지,2349,2151,198,1598,1598,0,127.045991,37.24542746
203000154,남양여객,5_2,일반형시내버스,망포그대가프리미어.쌍용아파트,1241,1055,186,954,954,0,127.0534468,37.24585968
203000155,남양여객,5_2,일반형시내버스,청와.쌍용.그대가센트럴파크아파트,3964,3735,229,314,314,0,127.0554494,37.24251212
203000156,대원고속,1112,직행좌석형시내버스,살구골현대아파트.영통역4번출구,1529,1169,360,103,103,0,127.0705274,37.25030912
203000157,대원고속,1112,직행좌석형시내버스,살구골동아아파트,5202,4000,1202,48,48,0,127.0680567,37.24774258
203000158,대원고속,1112,직행좌석형시내버스,영통입구,2516,886,1630,94,94,0,127.0831082,37.26877392
203000159,남양여객,5_3,일반형시내버스,매탄주공4단지.매탄1동주민센터,569,479,90,284,284,0,127.041795,37.26882064
203000160,남양여객,5_3,일반형시내버스,삼성2차아파트,606,566,40,571,571,0,127.0424606,37.2694241
203000161,남양여객,5_3,일반형시내버스,자유총연맹,272,229,43,389,389,0,127.0400902,37.2640277
203000162,남양여객,5_3,일반형시내버스,매탄위브하늘채.경기아트센터,237,190,47,382,382,0,127.0389615,37.26138803
203000163,남양여객,5_3,일반형시내버스,임광아파트,682,636,46,377,377,0,127.0376975,37.25844204
203000164,남양여객,5_3,일반형시내버스,경기소방본부,836,806,30,223,223,0,127.0365126,37.25560413
203000165,남양여객,400,일반형시내버스,경기대수원캠퍼스후문.수원박물관,2814,1697,1117,3622,3622,0,127.0397929,37.29710546
203000166,남양여객,400,일반형시내버스,경기대수원캠퍼스후문.수원박물관,1650,1308,342,1115,1115,0,127.0394665,37.29677002
203000167,남양여객,400,일반형시내버스,경기남부지방경찰청.봉녕사입구,811,616,195,1210,1210,0,127.0349728,37.29367307
203000169,수원여객,11_1,일반형시내버스,수원정보과학고.원천중학교,125,83,42,236,236,0,127.0507118,37.2755918
203000170,수원여객,11_1,일반형시내버스,아주대병원,1226,1176,50,3982,3982,0,127.0471673,37.2779514
203000171,수원여객,11_1,일반형시내버스,아주대병원,6790,6558,232,1884,1884,0,127.0469003,37.27835223
203000172,수원여객,11_1,일반형시내버스,수원정보과학고.원천중학교,429,406,23,381,381,0,127.0503505,37.27641081
203000174,대원고속,1007_1,직행좌석형시내버스,원천주공2단지,2879,2020,859,3984,3984,0,127.0624837,37.2694245
203000175,대원고속,1007_1,직행좌석형시내버스,광교호수공원입구.원천교사거리,566,401,165,2968,2968,0,127.05907140000002,37.270789
203000176,대원고속,1007_1,직행좌석형시내버스,남부경찰서.매원초교.성일아파트,722,570,152,2121,2121,0,127.0555515,37.27208745
203000177,대원고속,1007_1,직행좌석형시내버스,KT동수원지사,1588,1112,476,7959,7959,0,127.0514317,37.27323031
203000178,대원고속,1007_1,직행좌석형시내버스,구법원사거리,4809,1398,3411,3960,3960,0,127.0465362,37.27378622
203000179,대원고속,65,일반형시내버스,아주대삼거리,6805,3585,3220,6214,6214,0,127.0447182,37.27429789
203000188,대원고속,5006,직행좌석형시내버스,광교더샵주상복합,7,3,4,955,955,0,127.0618955,37.27045074
203000189,대원고속,5006,직행좌석형시내버스,광교더샵주상복합,1621,1611,10,5,5,0,127.0626346,37.27122857
203000205,성우운수(주),900,일반형시내버스,영일중학교.수원출입국외국인청,28,21,7,2647,2647,0,127.0753028,37.2488199
203000211,대원고속,1007_1,직행좌석형시내버스,광교호반베르디움,2630,2543,87,346,346,0,127.0577797,37.27166368
203000253,대원고속,65,일반형시내버스,광교차고지,1520,1253,267,2532,2532,0,127.0789489,37.28767454
203000254,대원고속,65,일반형시내버스,광교차고지,1527,1192,335,28,28,0,127.0789672,37.28775167
203000258,대원고속,65,일반형시내버스,구매탄시장입구.현대힐스테이트아파트,1418,1050,368,3817,3817,0,127.0420502,37.27518576
203000260,남양여객,400,일반형시내버스,광교역.광교대학로,598,513,85,1703,1703,0,127.0441198,37.30003023
203000261,남양여객,400,일반형시내버스,광교역.광교대학로,1986,1508,478,441,441,0,127.0437117,37.29991037
203000262,남양여객,400,일반형시내버스,광교초등학교.광교홍재도서관,171,166,5,77,77,0,127.047543,37.30387381
203000263,남양여객,400,일반형시내버스,광교초등학교.광교홍재도서관,125,118,7,156,156,0,127.0473423,37.3038612
203000264,남양여객,400,일반형시내버스,광교한양수자인.호반가든하임,694,645,49,53,53,0,127.0487526,37.30529629
203000265,남양여객,400,일반형시내버스,광교한양수자인.호반가든하임,81,64,17,585,585,0,127.0488576,37.30544362
203000294,남양여객,5_3,일반형시내버스,소화초등학교,1056,999,57,443,443,0,127.0520128,37.27798295
203000295,남양여객,5_3,일반형시내버스,소화초등학교,45,28,17,1757,1757,0,127.0516447,37.27826869
203000304,대원고속,65,일반형시내버스,광교호반마을입구,5021,4887,134,133,133,0,127.0675216,37.276186200000005
203000305,대원고속,65,일반형시내버스,광교호반마을입구,135,127,8,2798,2798,0,127.0676094,37.27641605
203000306,대원고속,1550,직행좌석형시내버스,광교차고지.연화장입구,303,192,111,4,4,0,127.0783032,37.28744301
203000307,대원고속,1550,직행좌석형시내버스,광교차고지.연화장입구,25,18,7,513,513,0,127.0784584,37.2874088
203000308,대원고속,5006,직행좌석형시내버스,광교호수공원.제1주차장,0,0,0,96,96,0,127.0667245,37.27544967
203000309,대원고속,5006,직행좌석형시내버스,광교호수공원.제1주차장,387,386,1,6,6,0,127.0665596,37.27591157
203000310,대원고속,5006,직행좌석형시내버스,광교호반마을21단지,13,10,3,1137,1137,0,127.0675136,37.2782807
203000311,대원고속,5006,직행좌석형시내버스,광교호반마을21단지,405,399,6,21,21,0,127.0675286,37.27919754
203000312,대원고속,5006,직행좌석형시내버스,광교호수공원.제2주차장,2762,2626,136,48,48,0,127.0705051,37.28150183
203000313,대원고속,5006,직행좌석형시내버스,광교한양수자인,63,55,8,1950,1950,0,127.0709455,37.28143403
203000315,남양여객,400,일반형시내버스,광교파크자이더테라스.열림공원,19,18,1,131,131,0,127.0392312,37.30817572
203000316,남양여객,400,일반형시내버스,광교웰빙타운.열림공원,65,63,2,1,1,0,127.038918,37.30818421
203000317,남양여객,400,일반형시내버스,광교대광로제비앙,43,41,2,0,0,0,127.0407114,37.30678742
203000318,남양여객,400,일반형시내버스,광교대광로제비앙,9,8,1,107,107,0,127.0408202,37.30691328
203000319,대원고속,1007_1,직행좌석형시내버스,광교해모로아파트,42,40,2,242,242,0,127.05161509999998,37.30590246
203000320,대원고속,1007_1,직행좌석형시내버스,광교해모로아파트,279,246,33,31,31,0,127.051874,37.30594209
203000333,남양여객,5_3,일반형시내버스,수원나누리병원,321,116,205,115,115,0,127.0496032,37.27452524
203000334,남양여객,5_3,일반형시내버스,수원나누리병원,77,59,18,695,695,0,127.0502031,37.27452926
203000335,대원고속,1007_1,직행좌석형시내버스,원천주공2단지,0,0,0,69,69,0,127.0632148,37.26859376
203000338,남양여객,5_3,일반형시내버스,광교역사공원.광교카페거리,687,632,55,760,760,0,127.052972,37.29513646
203000341,남양여객,400,일반형시내버스,광교호반베르디움트라엘.광교해모로,0,0,0,204,204,0,127.0517087,37.30467136
203000342,남양여객,400,일반형시내버스,광교호반베르디움트라엘.광교해모로,193,180,13,15,15,0,127.0514412,37.30413786
203000343,남양여객,400,일반형시내버스,광교e편한세상2차.광교중학교,25,6,19,238,238,0,127.046627,37.30545124
203000344,남양여객,400,일반형시내버스,광교중학교.광교e편한세상2차,243,233,10,5,5,0,127.0464941,37.30530987
203000345,남양여객,5_2,일반형시내버스,망포역4번출구.영통2동주민센터,5311,1940,3371,886,886,0,127.0554899,37.24595372
203000346,남양여객,5_2,일반형시내버스,망포역3번출구.망포그대가프리미어.골든스퀘어,1221,592,629,6111,6111,0,127.0550237,37.24553515
203000354,성우운수(주),900,일반형시내버스,동수원세무소.영통역2번출구,3442,3200,242,532,532,0,127.0727346,37.25068066
203000355,대원고속,1112,직행좌석형시내버스,훼미리타워,31,23,8,2324,2324,0,127.0745868,37.2552147
203000356,남양여객,400,일반형시내버스,호반베르디움,6,2,4,242,242,0,127.0446965,37.30552683
203000357,남양여객,400,일반형시내버스,호반베르디움,144,143,1,1,1,0,127.0440012,37.30547952
203000399,남양여객,5_3,일반형시내버스,광교중앙.아주대역환승센터,5142,3939,1203,2335,2335,0,127.0519166,37.28849864
203000400,남양여객,5_3,일반형시내버스,광교중앙.아주대역환승센터,2698,563,2135,2929,2929,0,127.0516618,37.28832822
203000424,남양여객,400_4,일반형시내버스,수원시도시안전통합센터,34,32,2,4,4,0,127.0480685,37.29917344
203000425,남양여객,400_4,일반형시내버스,광교사회복지관,284,278,6,31,31,0,127.0455373,37.30044173
203000428,남양여객,400_4,일반형시내버스,광교사회복지관,5,1,4,182,182,0,127.0454307,37.30032316
203000429,남양여객,400_4,일반형시내버스,수원시도시안전통합센터,18,16,2,257,257,0,127.0478778,37.29908654
203000430,남양여객,400_4,일반형시내버스,광교이마트,90,87,3,23,23,0,127.0493741,37.29801172
203000431,남양여객,400_4,일반형시내버스,광교이마트,26,18,8,201,201,0,127.0493014,37.29771528
203000450,대원고속,1112,직행좌석형시내버스,살구골.서광아파트,2615,2141,474,2054,2054,0,127.0731418,37.24734091
228001883,대원고속,65,일반형시내버스,흥덕IT밸리,3687,2235,1452,3442,3442,0,127.06820559999998,37.26917065
233000001,대원고속,1007,직행좌석형시내버스,수영오거리.방송통신대입구,192,104,88,5,5,0,126.9624419,37.23773523
233000592,대원고속,1007,직행좌석형시내버스,국립축산과학원,0,0,0,20,20,0,126.9659014,37.23613526
202000006,수원여객,11_1,일반형시내버스,경기문화재단.매탄주공4.5단지,21,9,12,16,16,0,127.03697959999998,37.26598392
202000009,수원여객,11_1,일반형시내버스,수원시청역10번출구.국민연금공단.경인일보,5,4,1,77,77,0,127.0343621,37.26123622
202000027,수원여객,11_1,일반형시내버스,수원시청역1번출구.국민연금공단.경인일보,36,24,12,52,52,0,127.0332715,37.2611226
203000090,수원여객,11_1,일반형시내버스,매탄주공4.5단지,10,6,4,48,48,0,127.0378477,37.26602871
202000230,남양여객,50_2,일반형시내버스,장안문.수원전통문화관,2012,1158,854,2685,2685,0,127.0153265,37.28677526
202000231,남양여객,50_2,일반형시내버스,팔달구청.화성행궁.수원성지,3101,1159,1942,3788,3788,0,127.0162619,37.28390086
202000245,대원고속,1009,직행좌석형시내버스,율현중학교.녹색교통회관.꽃뫼버들코오롱아파트,33,30,3,318,318,0,126.9807202,37.28583968
202000248,대원고속,1007,직행좌석형시내버스,화성행궁.여민각,45,37,8,571,571,0,127.0173603,37.28192703
202000251,대원고속,1009,직행좌석형시내버스,화서푸르지오,224,194,30,18,18,0,126.9854541,37.28619832
202000252,남양여객,50_2,일반형시내버스,화성행궁,2018,1187,831,3573,3573,0,127.0158561,37.28438747
202000253,남양여객,50_2,일반형시내버스,수원전통문화관.장안동,3930,1432,2498,4187,4187,0,127.0151122,37.28667617
202000254,대원고속,1009,직행좌석형시내버스,현대모닝아파트,37,34,3,228,228,0,126.9848113,37.28646854
202000255,대원고속,1009,직행좌석형시내버스,율현중학교.녹색교통회관.꽃뫼버들코오롱아파트,569,522,47,15,15,0,126.980807,37.2856076
203000033,남양여객,400,일반형시내버스,경기대후문,17,9,8,0,0,0,127.0366905,37.29910622
203000036,남양여객,400,일반형시내버스,경기대후문,0,0,0,26,26,0,127.0366949,37.29927694
203000339,남양여객,400,일반형시내버스,수원광교박물관,5,4,1,120,120,0,127.0495795,37.2964704
203000340,남양여객,400,일반형시내버스,수원광교박물관,60,32,28,10,10,0,127.049332,37.29641748
201000014,수원여객,11_1,일반형시내버스,권선2동성당,27,16,11,9,9,0,127.0226229,37.23473657
201000587,남양여객,5_2,일반형시내버스,수원역환승센터(1승강장),0,0,0,232,232,0,126.9991347,37.26564856
203000092,남양여객,5_3,일반형시내버스,자연앤자이아파트.중흥S클래스,637,607,30,90,90,0,127.05545990000002,37.28459221
203000272,남양여객,5_3,일반형시내버스,산의초등학교.광교삼성래미안,49,45,4,114,114,0,127.0598947,37.29073573
203000273,남양여객,5_3,일반형시내버스,산의초등학교.광교삼성래미안,150,144,6,37,37,0,127.0598585,37.29056666
203000284,남양여객,5_3,일반형시내버스,광교휴먼시아32단지정문,67,60,7,45,45,0,127.0661118,37.29224737
203000285,남양여객,5_3,일반형시내버스,광교휴먼시아32단지정문,29,22,7,33,33,0,127.0677502,37.29281379
203000286,남양여객,5_3,일반형시내버스,상현역,118,30,88,285,285,0,127.0693488,37.29693223
203000287,남양여객,5_3,일반형시내버스,상현역,200,63,137,319,319,0,127.0690374,37.29705484
203000298,남양여객,5_3,일반형시내버스,합동신학대학원,21,18,3,316,316,0,127.0522521,37.27936308
203000299,남양여객,5_3,일반형시내버스,합동신학대학원,42,39,3,20,20,0,127.0519893,37.28009867
203000314,남양여객,5_3,일반형시내버스,광교휴먼시아32단지,85,60,25,53,53,0,127.0682572,37.29420834
203000327,남양여객,5_3,일반형시내버스,광교오드카운티,26,22,4,11,11,0,127.0573259,37.29331897
203000328,남양여객,5_3,일반형시내버스,광교오드카운티,26,24,2,32,32,0,127.0577332,37.29296736
203000351,남양여객,5_3,일반형시내버스,경기중앙지방변호사회관,52,48,4,29,29,0,127.06629,37.29205097
203000359,남양여객,5_3,일반형시내버스,수원시동부차고지,8,3,5,16,16,0,127.0785259,37.28688019
203000360,남양여객,5_3,일반형시내버스,수원시동부차고지,17,5,12,1,1,0,127.0785387,37.28698688
203000374,남양여객,5_3,일반형시내버스,동부차고지,5,1,4,0,0,0,127.0780852,37.28669727
203000397,남양여객,5_3,일반형시내버스,광교휴먼시아32단지.이의고교,6,6,0,36,36,0,127.068596,37.29427223
203000438,남양여객,5_3,일반형시내버스,광교카페거리입구,15,12,3,16,16,0,127.0561976,37.29491691
203000439,남양여객,5_3,일반형시내버스,광교카페거리입구,38,38,0,26,26,0,127.0563693,37.29507843
